The Matrix S (1/GPa) 
[[ 0.05208333 -0.0125     -0.0125      0.          0.          0.        ]
 [-0.0125      0.64102564 -0.37179487  0.          0.          0.        ]
 [-0.0125     -0.37179487  0.64102564  0.          0.          0.        ]
 [ 0.          0.          0.          2.04081633  0.          0.        ]
 [ 0.          0.          0.          0.          1.2195122   0.        ]
 [ 0.          0.          0.          0.          0.          1.2195122 ]]
The Matrix C (GPa) 
[[19.63763881  0.91174752  0.91174752  0.          0.          0.        ]
 [ 0.91174752  2.39314488  1.40580311  0.          0.          0.        ]
 [ 0.91174752  1.40580311  2.39314488  0.          0.          0.        ]
 [-0.         -0.         -0.          0.49       -0.         -0.        ]
 [ 0.          0.          0.          0.          0.82        0.        ]
 [ 0.          0.          0.          0.          0.          0.82      ]]
The Matrix C_bar (GPa) 
[[ 3.53040174  4.08561414  1.28228921  0.          0.          1.90110971]
 [ 4.08561414 12.1526487   1.03526141  0.          0.          5.5659752 ]
 [ 1.28228921  1.03526141  2.39314488  0.          0.         -0.21393235]
 [ 0.          0.          0.          0.7375      0.14289419  0.        ]
 [ 0.          0.          0.          0.14289419  0.5725      0.        ]
 [ 1.90110971  5.5659752  -0.21393235  0.          0.          3.99386662]]
The Matrix S_bar (1/GPa) 
[[ 0.58780317 -0.1065131  -0.28197115  0.          0.         -0.14646252]
 [-0.1065131   0.29333201 -0.10232372 -0.         -0.         -0.36357648]
 [-0.28197115 -0.10232372  0.64102564  0.          0.          0.31115849]
 [ 0.          0.         -0.          1.42483823 -0.35563512 -0.        ]
 [ 0.          0.          0.         -0.35563512  1.83549029  0.        ]
 [-0.14646252 -0.36357648  0.31115849  0.          0.          0.84345978]] 