A_star
[[ 0.00074076 -0.00070264 -0.00026988]
 [-0.00070264  0.00302203  0.00084995]
 [-0.00026988  0.00084995  0.00245804]]
B_star
[[ 2.72098831 -0.20567842  0.30683677]
 [-4.26561153 -1.89590674  1.64875525]
 [ 0.95293736  1.91673947 -1.80055954]]
C_star
[[-2.72098831  4.26561153 -0.95293736]
 [ 0.20567842  1.89590674 -1.91673947]
 [-0.30683677 -1.64875525  1.80055954]]
D_star
[[19690.71855095  3181.40697626 -2645.04413893]
 [ 3181.40697626  4867.09919414 -1454.15395468]
 [-2645.04413893 -1454.15395468  3792.15392542]]
A_dash
[[ 0.00129711 -0.0009844  -0.00060413]
 [-0.0009844   0.00447651 -0.00015636]
 [-0.00060413 -0.00015636  0.00371239]]
B_dash
[[ 1.77803227e-04 -1.09836821e-04  1.62813673e-04]
 [-1.48014544e-04 -2.18797026e-04  2.47639126e-04]
 [-5.48836657e-05  3.12155700e-04 -3.93393001e-04]]
C_dash[[ 1.77803227e-04 -1.48014544e-04 -5.48836657e-05]
 [-1.09836821e-04 -2.18797026e-04  3.12155700e-04]
 [ 1.62813673e-04  2.47639126e-04 -3.93393001e-04]]
D_dash
[[ 5.96801298e-05 -3.00115973e-05  3.01187918e-05]
 [-3.00115973e-05  2.47138416e-04  7.38354271e-05]
 [ 3.01187918e-05  7.38354271e-05  3.13023584e-04]]
Strain  (*10^-3)
[[ 0.00031272]
 [ 0.00349212]
 [-0.00076049]]
kappa (1/meter)
[[ 2.97886824e-05]
 [-3.28633846e-04]
 [ 4.10452799e-04]]